4294967278,59
4294967278,56
4294967278,52
4294967278,41
4294967278,38
4243767290,0
4294967294,489
4294967294,21
4294967294,97
4294967294,189
4294967294,115
4294967294,116
4294967294,1481
4294967294,1475
4294967294,1480
4294967294,74
4294967294,174
4294967294,164
4294967294,163
4294967294,182
4243767290,3
4243767290,2
4294967294,183
4294967294,451
4294967294,18
4294967294,127
4294967294,14
4294967294,126
4294967294,20
4294967294,13
4294967294,162
4294967294,172
4294967294,171
4294967279,88
4294967279,273
4294967279,485
4294967278,407
4294967279,484
4294967279,483
4294967279,482
4294967279,481
4294967279,480
4294967279,479
4294967279,478
4294967279,477
4294967279,476
4294967279,475
4294967279,474
4294967279,473
4294967278,406
4294967279,472
4294967279,471
4294967278,405
4294967278,279
4294967279,403
4294967278,353
4294967279,470
4294967279,401
4294967279,469
4294967278,231
4294967278,225
4294967278,302
4294967278,301
4294967278,404
515,7
515,0
515,6
515,5
516,8
516,0
516,7
330,12
516,6
516,5
330,18
330,0
4294967294,1407
4294967294,1478
4294967294,1399
4294967294,1364
4294967294,1360
4294967294,488
414,7
414,0
414,6
4294967294,1472
4294967294,1365
4294967278,219
548,5
548,4
548,3
548,2
548,1
4294967294,1369
547,7
547,6
547,5
547,4
547,3
547,2
547,1
4294967278,403
4294967294,1010
4294967294,1009
4294967294,161
545,4
545,3
545,2
545,1
544,4
544,3
544,2
544,1
4294967294,0
543,4
543,3
543,2
543,1
542,4
542,3
542,2
542,1
541,4
541,3
541,2
541,1
540,4
540,3
540,2
540,1
538,6
538,5
538,4
538,3
538,2
538,1
537,4
537,3
537,2
537,1
4294967278,402
534,5
534,4
534,3
534,2
534,1
4294967294,1495
4294967294,498
532,4
532,3
532,2
532,1
4294967294,165
4294967278,401
4294967278,400
4294967279,468
4294967278,399
4294967294,487
4294967279,467
4294967279,466
4294967279,400
4294967278,297
4294967278,88
4294967278,2
4294967279,465
4294967279,464
237,6
237,0
237,5
4294967278,398
4294967294,440
4294967294,1389
4294967294,1358
4294967278,352
4294967278,351
4294967278,350
529,5
529,4
529,3
529,2
529,1
528,4
528,3
528,2
528,1
527,4
527,3
527,2
527,1
4294967294,208
4294967294,1361
525,5
525,4
525,3
525,2
525,1
252,13
252,0
252,9
4294967278,397
4294967294,1368
4294967294,1404
524,6
524,5
524,4
524,3
524,2
524,1
523,4
523,3
523,2
523,1
522,4
522,3
522,2
522,1
521,4
521,3
521,2
521,1
520,4
520,3
520,2
520,1
519,4
519,3
519,2
519,1
4294967279,397
518,4
518,3
518,2
518,1
4294967279,294
4294967294,497
4294967294,397
4294967294,414
4294967294,419
4294967294,128
4294967294,421
4294967294,178
4294967294,1357
4294967294,1014
4294967294,384
4294967294,119
4294967294,455
4294967294,394
517,4
517,3
517,2
517,1
516,4
516,3
516,2
516,1
515,4
515,3
515,2
515,1
514,4
514,3
514,2
514,1
4294967278,396
4294967279,463
4294967279,462
4294967279,461
4294967279,221
4294967279,460
4294967278,395
4294967278,346
4294967279,459
4294967278,349
4294967278,348
4294967279,399
4294967279,398
512,4
512,3
512,2
512,1
4294967294,1514
4294967294,1513
4294967294,1508
252,12
252,8
4294967278,155
4294967278,154
4294967278,152
341,7
341,0
252,11
511,5
511,4
511,3
511,2
511,1
4294967294,1512
510,5
510,4
510,3
510,2
510,1
4294967278,151
509,4
509,3
509,2
509,1
508,4
508,3
508,2
508,1
507,4
507,3
507,2
507,1
506,4
506,3
506,2
506,1
505,4
505,3
505,2
505,1
4294967278,344
4294967294,496
504,4
504,3
504,2
504,1
4294967278,132
4294967278,130
4294967278,129
4294967278,128
4294967278,127
4294967278,126
4294967278,125
4294967278,103
4294967278,100
4294967278,97
4294967278,94
4294967278,90
4294967278,86
4294967278,83
4294967278,80
4294967278,77
4294967278,71
4294967278,63
4294967278,60
4294967278,57
4294967278,49
4294967278,46
4294967278,43
4294967279,20
4294967279,12
503,5
503,4
503,3
503,2
503,1
4294967294,1479
502,7
502,6
502,5
502,4
502,3
502,2
502,1
4294967294,84
4294967294,418
500,4
500,3
500,2
500,1
499,4
499,3
499,2
499,1
498,4
498,3
498,2
498,1
497,4
497,3
497,2
497,1
496,4
496,3
496,2
496,1
495,4
495,3
495,2
495,1
4294967294,392
4294967294,1373
4294967294,425
4294967294,1511
4294967294,1403
493,6
493,5
493,4
493,3
493,2
493,1
4294967278,347
492,4
492,3
492,2
492,1
491,5
491,4
491,3
491,2
491,1
4294967279,291
489,4
489,3
489,2
489,1
487,4
487,3
487,2
487,1
486,4
486,3
486,2
486,1
485,4
485,3
485,2
485,1
4294967294,173
4294967294,1015
484,4
484,3
484,2
484,1
4294967279,271
4294967279,269
4294967294,1477
483,4
483,3
483,2
483,1
482,4
482,3
482,2
482,1
481,5
481,4
481,3
481,2
481,1
480,5
480,4
480,3
480,2
480,1
479,4
479,3
479,2
479,1
4294967294,495
478,5
478,4
478,3
478,2
478,1
477,4
477,3
477,2
477,1
476,7
476,6
476,5
476,4
476,3
476,2
476,1
475,5
475,4
475,3
475,2
475,1
4294967294,1406
474,4
474,3
474,2
474,1
4294967279,135
473,4
473,3
473,2
473,1
472,4
472,3
472,2
472,1
471,4
471,3
471,2
471,1
4294967294,155
4294967294,1388
470,4
470,3
470,2
470,1
4294967294,130
4294967279,270
4294967278,394
4294967294,1355
4294967294,193
4294967294,1016
4294967294,1011
4294967278,251
455,6
455,0
455,5
427,9
427,0
427,8
4294967279,317
330,17
330,11
330,16
330,15
330,14
330,13
330,5
330,10
330,9
330,8
330,7
330,6
4294967294,42
285,10
285,9
285,8
4294967279,256
240,7
240,0
4294967278,192
240,6
240,5
4294967278,244
252,10
252,5
252,7
252,6
4294967294,107
4294967294,45
4294967294,44
4294967294,29
4294967294,1401
4294967294,28
4294967294,27
4294967294,91
4294967294,88
4294967294,87
4294967294,85
341,6
341,5
4294967278,163
4294967294,1372
4294967294,1359
4294967294,203
466,5
466,4
466,3
466,2
466,1
465,4
465,3
465,2
465,1
464,8
464,7
464,6
464,5
464,4
464,3
464,2
464,1
463,5
463,4
463,3
463,2
463,1
462,5
462,4
462,3
462,2
462,1
461,4
461,3
461,2
461,1
4294967294,1397
4294967278,393
4294967278,180
460,6
460,5
460,4
460,3
460,2
460,1
459,5
459,4
459,3
459,2
459,1
458,6
458,5
458,4
458,3
458,2
458,1
457,4
457,3
457,2
457,1
4294967278,339
456,6
456,5
456,4
456,3
456,2
456,1
455,4
455,3
455,2
455,1
454,5
454,4
454,3
454,2
454,1
453,4
453,3
453,2
453,1
4294967278,392
452,7
452,6
452,5
452,4
452,3
452,2
452,1
451,4
451,3
451,2
451,1
4294967279,267
4294967279,265
450,4
450,3
450,2
450,1
4294967279,259
449,5
449,4
449,3
449,2
449,1
4294967278,315
4294967278,314
4294967278,311
4294967279,301
448,6
448,5
4294967278,308
448,4
448,3
448,2
448,1
4294967278,253
447,5
447,4
447,3
447,2
447,1
446,6
4294967278,240
446,5
446,4
446,3
446,2
446,1
445,4
445,3
445,2
445,1
444,4
444,3
444,2
444,1
443,4
443,3
443,2
443,1
442,6
442,5
442,4
442,3
442,2
442,1
441,7
441,6
441,5
441,4
441,3
441,2
441,1
440,7
440,6
440,5
440,4
440,3
440,2
440,1
439,7
439,6
439,5
439,4
439,3
439,2
439,1
4294967278,131
4294967278,260
4294967278,345
438,5
438,4
438,3
438,2
438,1
4294967279,394
437,4
437,3
437,2
437,1
436,4
436,3
436,2
436,1
435,5
435,4
435,3
435,2
435,1
434,4
434,3
434,2
434,1
433,4
433,3
433,2
433,1
4294967294,486
432,4
432,3
432,2
432,1
431,4
431,3
431,2
431,1
430,6
430,5
430,4
430,3
430,2
430,1
429,9
429,8
429,7
429,6
429,5
429,4
429,3
429,2
429,1
428,7
428,6
428,5
428,4
428,3
428,2
428,1
4294967279,266
4294967279,264
427,7
4294967279,263
427,6
427,5
4294967279,262
427,4
427,3
427,2
427,1
4294967279,284
4294967278,316
4294967278,286
4294967279,258
4294967294,43
4294967279,304
4294967278,313
4294967294,1402
4294967279,303
426,4
4294967278,312
426,3
426,2
426,1
4294967294,51
4294967279,302
4294967278,310
4294967279,300
4294967279,299
4294967278,307
425,5
4294967278,306
425,4
4294967279,298
425,3
425,2
425,1
4294967278,254
4294967278,252
4294967278,250
4294967278,248
424,5
424,4
4294967278,246
424,3
424,2
424,1
4294967278,242
4294967278,238
423,5
423,4
423,3
423,2
423,1
4294967278,236
4294967278,235
4294967279,235
4294967278,228
422,14
422,13
422,12
422,11
4294967278,224
422,10
422,9
422,8
422,7
422,6
422,5
422,4
422,3
422,2
422,1
4294967278,216
4294967279,458
4294967278,213
4294967279,457
421,4
421,3
421,2
421,1
4294967279,456
4294967278,208
420,4
420,3
420,2
420,1
4294967278,203
4294967278,201
419,7
419,6
419,5
419,4
419,3
419,2
419,1
4294967278,197
4294967278,342
4294967278,195
418,5
418,4
418,3
418,2
418,1
4294967278,190
4294967278,189
417,4
417,3
417,2
417,1
4294967278,185
416,5
416,4
416,3
416,2
416,1
415,5
415,4
415,3
415,2
415,1
4294967278,175
4294967294,1510
414,5
414,4
414,3
414,2
414,1
4294967278,245
4294967278,174
4294967279,0
4294967279,260
4294967294,92
4294967294,90
4294967294,86
4294967294,83
4294967294,1
4294967294,199
413,4
413,3
413,2
413,1
412,5
412,4
412,3
412,2
412,1
411,4
411,3
411,2
411,1
410,5
410,4
410,3
410,2
410,1
409,4
409,3
409,2
409,1
408,4
408,3
408,2
408,1
407,4
407,3
407,2
407,1
4294967294,89
406,4
406,3
406,2
406,1
405,5
405,4
405,3
405,2
405,1
404,5
404,4
404,3
404,2
404,1
403,4
403,3
403,2
403,1
402,4
402,3
402,2
402,1
401,4
401,3
401,2
401,1
400,4
400,3
400,2
400,1
4294967278,237
4294967278,239
4294967278,234
399,6
4294967278,232
4294967294,1398
399,5
399,4
4294967278,230
399,3
399,2
399,1
4294967278,226
4294967278,227
4294967278,222
398,6
4294967278,220
398,5
398,4
4294967278,218
398,3
398,2
398,1
4294967278,214
4294967278,217
4294967278,212
397,7
4294967278,211
397,6
397,5
4294967278,210
397,4
397,3
397,2
397,1
4294967278,209
4294967279,396
4294967278,207
4294967278,206
4294967278,205
396,5
396,4
4294967278,204
396,3
396,2
396,1
4294967278,202
4294967278,200
395,6
4294967278,199
395,5
395,4
4294967278,198
395,3
395,2
395,1
4294967278,196
4294967294,485
4294967278,194
394,4
4294967278,193
394,3
394,2
394,1
4294967278,191
393,4
393,3
393,2
393,1
392,4
392,3
392,2
392,1
4294967278,341
391,4
391,3
391,2
391,1
4294967294,206
390,5
390,4
390,3
390,2
390,1
4294967278,340
4294967278,169
4294967278,167
389,5
389,4
389,3
389,2
389,1
388,5
4294967278,161
388,4
388,3
388,2
388,1
4294967279,391
4294967278,343
4294967279,395
4294967278,157
387,9
387,8
